(0,55,15.277777777777777,1507625558325)
(1,55,15.277777777777777,1507625558327)
(0,60,31.944444444444443,1507625558427)
(1,60,31.944444444444443,1507625558427)
(0,55,47.22222222222222,1507625558527)
(1,55,47.22222222222222,1507625558527)
(0,50,61.111111111111114,1507625558628)
(1,60,63.888888888888886,1507625558628)
(0,45,73.61111111111111,1507625558728)
(1,65,81.94444444444444,1507625558728)
(0,40,84.72222222222223,1507625558829)
(1,60,98.61111111111111,1507625558829)
(0,35,94.44444444444446,1507625558929)
(1,65,116.66666666666667,1507625558929)
(0,30,102.77777777777779,1507625559030)
(1,60,133.33333333333334,1507625559030)
(0,25,109.72222222222223,1507625559131)
(1,55,148.61111111111111,1507625559131)
(0,20,115.27777777777779,1507625559232)
(1,50,162.5,1507625559232)
(0,25,122.22222222222223,1507625559332)
(1,55,177.77777777777777,1507625559332)
(0,20,127.77777777777779,1507625559433)
(1,50,191.66666666666666,1507625559433)
(0,25,134.72222222222223,1507625559533)
(1,45,204.16666666666666,1507625559533)
(0,20,140.27777777777777,1507625559633)
(1,50,218.05555555555554,1507625559633)
(0,15,144.44444444444443,1507625559734)
(1,55,233.33333333333331,1507625559734)
(0,20,149.99999999999997,1507625559834)
(1,50,247.2222222222222,1507625559834)
(0,15,154.16666666666663,1507625559935)
(1,55,262.5,1507625559935)
(0,20,159.72222222222217,1507625560035)
(1,60,279.1666666666667,1507625560035)
(0,15,163.88888888888883,1507625560136)
(1,65,297.22222222222223,1507625560136)
(0,10,166.6666666666666,1507625560236)
(1,70,316.6666666666667,1507625560236)
(0,15,170.83333333333326,1507625560336)
(1,75,337.5,1507625560336)
(0,20,176.3888888888888,1507625560436)
(1,80,359.72222222222223,1507625560436)
(0,15,180.55555555555546,1507625560536)
(1,85,383.3333333333333,1507625560536)
(0,20,186.111111111111,1507625560637)
(1,90,408.3333333333333,1507625560637)
(0,15,190.27777777777766,1507625560738)
(1,85,431.9444444444444,1507625560738)
(0,20,195.8333333333332,1507625560838)
(1,80,454.16666666666663,1507625560838)
(0,25,202.77777777777766,1507625560939)
(1,75,474.99999999999994,1507625560939)
(0,30,211.111111111111,1507625561039)
(1,70,494.4444444444444,1507625561039)
(0,25,218.05555555555546,1507625561140)
(1,65,512.5,1507625561140)
(0,30,226.3888888888888,1507625561240)
(1,60,529.1666666666666,1507625561240)
(0,35,236.11111111111103,1507625561341)
(1,65,547.2222222222222,1507625561341)
(0,30,244.44444444444437,1507625561441)
(1,60,563.8888888888888,1507625561441)
(0,25,251.38888888888883,1507625561542)
(1,65,581.9444444444443,1507625561542)
(0,30,259.7222222222222,1507625561642)
(1,70,601.3888888888888,1507625561642)
(0,25,266.66666666666663,1507625561743)
(1,65,619.4444444444443,1507625561743)
(0,20,272.2222222222222,1507625561844)
(1,60,636.111111111111,1507625561844)
(0,25,279.16666666666663,1507625561945)
(1,55,651.3888888888888,1507625561945)
(0,30,287.49999999999994,1507625562045)
(1,60,668.0555555555554,1507625562045)
(0,25,294.4444444444444,1507625562146)
(1,65,686.111111111111,1507625562146)
(0,20,299.99999999999994,1507625562246)
(1,70,705.5555555555554,1507625562246)
(0,25,306.9444444444444,1507625562346)
(1,75,726.3888888888888,1507625562346)
(0,20,312.49999999999994,1507625562446)
(1,70,745.8333333333333,1507625562446)
(0,25,319.4444444444444,1507625562546)
(1,65,763.8888888888888,1507625562546)
(0,30,327.7777777777777,1507625562646)
(1,70,783.3333333333333,1507625562646)
(0,35,337.49999999999994,1507625562747)
(1,65,801.3888888888888,1507625562747)
(0,40,348.61111111111103,1507625562847)
(1,70,820.8333333333333,1507625562847)
(0,45,361.11111111111103,1507625562948)
(1,65,838.8888888888888,1507625562948)
(0,50,374.99999999999994,1507625563049)
(1,60,855.5555555555554,1507625563049)
(0,55,390.2777777777777,1507625563150)
(1,55,870.8333333333333,1507625563150)
(0,50,404.16666666666663,1507625563250)
(1,50,884.7222222222222,1507625563250)
(0,55,419.4444444444444,1507625563350)
(1,45,897.2222222222222,1507625563350)
